% Coding: 1=20-24, 2=25-29, 3=30-39, 4=40-49, 5=50-59, 6=60+

colormap([0 0 0; 0 0 1; 0 1 1; 1 0 1; 1 0 0; 0 1 0; 1 1 1])
% black, blue, cyan, magenta, red, gren, white

ages = [1
1
1
1
1
1
6
6
6
6
6
6
2
2
2
2
2
2
2
2
2
2
2
2
2
2
2
2
2
2
2
2
2
2
2
2
2
2
2
2
2
2
2
2
2
2
2
2
2
2
2
2
2
2
2
5
5
5
5
5
2
2
2
2
2
2
2
2
2
2
2
3
3
3
3
3
3
3
3
3
3
3
3
1
1
1
1
1
4
4
4
4
4
4
1
1
1
1];