% Coding: 1=<1000, 2=1000<x<1010, 3= 1010<x<1020, 4=1020<x<1030, 5=1030<x<1040, 6= >1040

colormap([0 0 0; 0 0 1; 0 1 1; 1 0 1; 1 0 0; 0 1 0; 1 1 1])
% black, blue, cyan, magenta, red, gren, white

baro_pres = [4
4
4
4
4
4
3
3
3
3
3
3
5
5
5
5
5
5
4
4
4
4
4
1
1
1
1
1
4
4
4
4
4
3
3
3
3
3
4
4
4
4
4
4
4
4
4
4
4
4
4
4
4
4
4
4
4
4
4
4
3
3
3
3
3
5
5
5
5
5
5
4
4
4
4
4
4
4
4
4
4
4
4
4
4
4
4
4
6
6
6
6
6
6
2
2
2
0];