% 1 = 40s, 2 = 50s, 3 = 60s, 4 = 70s, 5 = 80s

heights = [
    4
4
4
4
4
4
4
4
4
4
4
4
3
3
3
3
3
3
3
3
3
3
3
5
5
5
5
5
3
3
3
3
3
1
1
1
1
1
5
5
5
5
5
3
3
3
3
3
3
3
3
3
3
3
3
4
4
4
4
4
3
3
3
3
3
4
4
4
4
4
4
4
4
4
4
4
4
4
4
4
4
4
4
5
5
5
5
5
3
3
3
3
3
3
5
5
5
5];