% 1 = 50s, 2 = 60s, 3 = 70s, 4 = 80s, 5 = 90s (weights in kg)

weights_kg = [
    2
2
2
2
2
2
4
4
4
4
4
4
1
1
1
1
1
1
2
2
2
2
2
4
4
4
4
4
1
1
1
1
1
1
1
1
1
1
5
5
5
5
5
2
2
2
2
2
2
2
2
2
2
2
2
2
2
2
2
2
2
2
2
2
2
3
3
3
3
3
3
3
3
3
3
3
3
2
2
2
2
2
2
3
3
3
3
3
2
2
2
2
2
2
3
3
3
3];

